1110000 110100 1010110011001
1110010 101100101 1010111000011
1110100 10011 1010111101101
1101000 111010 1011000000110
1110000 110100 1110101001111
1110010 101100101 1110101100101
1110100 10011 1110101111000
1101000 111010 1110110001110
1110000 1100000 11100000111111
1110010 1110 11100001010100
1110100 10011 11100010000000
1101000 110101 11100010010101
1110000 11 100101100110011
1110010 101101110 100101101001000
1110100 10011 100101101110011
1101000 110101 100101110001001
1110000 1001001 110001110110110
1110010 110 110001111010001
1110100 10011 110001111111110
1101000 110100 110010000010101
1110000 1100000 110111010111010
1110010 11110011 110111011001111
1110100 10011 110111011111011
1101000 111010 110111100010001
